10
0 150 350 150
350 375 975 375
975 375 1100 250
1100 250 1575 250
1575 250 1700 375
1700 375 2450 375
2450 275 2775 275
2775 150 3200 150
3200 325 4000 325
250 125 250 125
47
0 248 122
0 919 347
0 1483 222
0 2590 247
0 3463 297
1 596 319
1 2051 319
2 1192 166
2 2102 291
2 3513 241
2 3564 241
3 860 364
3 1515 239
3 1440 239
3 2862 139
3 2904 139
3 2943 139
3 2981 139
200 8 115
200 1103 215
200 2339 340
200 3825 290
201 3572 164
201 2626 114
202 182 122
202 403 347
202 653 347
202 1741 347
202 1781 347
202 1962 347
202 2482 247
202 3050 122
202 2801 122
202 3255 297
202 3360 297
203 758 285
203 1863 285
204 3779 262
204 2141 312
204 1503 187
204 317 87
201 1227 89
100 2013 365
100 3439 315
100 1409 240
100 1387 240
100 1363 240
